========= lotto649 =========
========+ No.00001 +========
= Thu Apr 28 18:11:36 2022 =
[1]: 25 32 47 48 54 64 10 
[2]: 19 24 31 37 57 61 05 
[3]: 04 17 25 26 43 60 08 
[4]: 14 28 39 50 59 66 09 
[5]: 07 08 24 25 26 43 06 
============================
[1]: 13 23 44 51 59 61 08 
[2]: 02 14 30 40 44 54 03 
[3]: 02 15 22 35 47 58 10 
[4]: 02 06 12 23 49 50 10 
[5]: 08 15 47 55 58 69 03 
============================
[1]: 05 13 14 52 54 68 06 
[2]: 01 03 25 39 59 66 07 
[3]: 06 13 20 37 41 63 01 
[4]: 10 29 40 46 51 68 04 
[5]: 13 31 36 53 55 57 03 
============================
[1]: 09 39 49 50 51 65 07 
[2]: 20 27 34 55 58 69 01 
[3]: 08 13 36 48 59 64 04 
[4]: 01 19 27 31 35 65 02 
[5]: 01 15 19 22 36 67 08 
============================
========= csie@CGU =========
