========= lotto649 =========
========+ No.00001 +========
= Tue Mar 29 11:25:46 2022 =
[1]: 20 24 34 35 41 62 05 
[2]: 04 09 12 46 60 66 08 
[3]: 11 45 48 58 65 68 06 
[4]: 02 29 33 49 54 60 04 
[5]: 10 14 20 21 30 63 01 
============================
[1]: 26 30 39 41 60 66 07 
[2]: 02 05 13 27 37 65 08 
[3]: 13 44 45 51 54 61 02 
[4]: 06 10 32 51 52 56 01 
[5]: 06 17 31 36 39 42 01 
============================
[1]: 07 09 31 41 43 58 02 
[2]: 17 29 34 38 40 56 04 
[3]: 13 35 36 45 59 66 05 
[4]: 16 18 30 54 55 61 10 
[5]: 02 05 12 13 31 68 10 
============================
[1]: 24 27 38 50 59 63 06 
[2]: 05 14 30 39 48 54 03 
[3]: 03 04 11 25 58 68 05 
[4]: 07 33 49 59 61 62 01 
[5]: 13 22 23 42 60 68 06 
============================
========= csie@CGU =========
