========= lotto649 =========
========+ No.00004 +========
= Thu Apr 28 18:15:59 2022 =
[1]: 04 11 17 47 52 57 05 
[2]: 01 07 23 49 58 61 08 
[3]: 28 31 39 40 42 57 03 
[4]: 15 31 34 48 50 69 07 
[5]: 06 38 42 55 56 65 01 
============================
[1]: 02 09 25 31 38 56 04 
[2]: 18 29 43 44 45 59 09 
[3]: 07 11 25 35 64 65 03 
[4]: 14 22 46 49 60 62 01 
[5]: 01 06 09 38 47 64 08 
============================
[1]: 11 15 23 40 41 69 04 
[2]: 01 16 28 35 46 50 04 
[3]: 07 19 22 23 27 47 01 
[4]: 13 50 56 59 60 68 07 
[5]: 03 10 50 53 58 63 08 
============================
========= csie@CGU =========
