========= lotto649 =========
========+ No.00003 +========
= Tue Mar 29 11:08:10 2022 =
[1]: 05 09 13 35 36 46 02 
[2]: 08 09 30 42 55 57 04 
[3]: 13 24 34 56 58 66 08 
[4]: 04 36 37 44 64 69 05 
[5]: 13 18 20 54 58 62 04 
============================
[1]: 13 36 41 45 49 53 08 
[2]: 01 04 21 31 47 51 03 
[3]: 11 17 18 37 53 68 04 
[4]: 03 17 25 27 37 40 01 
[5]: 03 08 18 50 52 61 05 
============================
[1]: 05 08 10 28 29 58 03 
[2]: 09 14 26 27 44 62 04 
[3]: 01 08 39 41 54 56 05 
[4]: 11 27 30 47 48 68 02 
[5]: 05 10 32 33 42 58 09 
============================
[1]: 15 19 24 35 39 45 02 
[2]: 03 08 15 24 29 48 09 
[3]: 04 26 35 37 41 59 06 
[4]: 05 12 36 48 62 64 08 
[5]: 10 17 19 24 34 63 05 
============================
[1]: 11 13 25 34 53 64 06 
[2]: 05 12 46 49 52 54 01 
[3]: 02 10 13 14 32 39 04 
[4]: 18 23 28 56 61 69 04 
[5]: 13 23 38 50 61 63 03 
============================
[1]: 03 24 32 44 49 66 02 
[2]: 45 46 47 50 53 54 06 
[3]: 20 36 37 61 62 67 07 
[4]: 15 23 24 32 43 49 04 
[5]: 02 10 29 32 33 38 06 
============================
========= csie@CGU =========
