========= lotto649 =========
========+ No.00002 +========
= Tue Mar 29 11:08:08 2022 =
[1]: 04 22 25 37 44 60 09 
[2]: 06 16 28 43 54 57 05 
[3]: 19 29 42 43 53 66 07 
[4]: 13 16 45 51 54 60 10 
[5]: 14 21 23 35 46 49 02 
============================
[1]: 08 10 13 23 33 57 02 
[2]: 40 42 46 51 52 56 10 
[3]: 03 07 13 23 37 61 08 
[4]: 09 10 27 32 59 66 02 
[5]: 12 16 35 45 58 68 03 
============================
[1]: 09 19 26 34 61 66 04 
[2]: 06 07 18 29 60 67 09 
[3]: 01 30 32 35 57 61 10 
[4]: 10 22 25 39 46 63 05 
[5]: 17 24 37 49 60 62 08 
============================
[1]: 01 06 11 19 25 48 08 
[2]: 07 36 42 55 59 62 01 
[3]: 01 02 09 26 41 46 06 
[4]: 05 12 19 52 61 64 04 
[5]: 03 22 23 40 48 58 08 
============================
========= csie@CGU =========
