========= lotto649 =========
========+ No.00001 +========
= Tue Mar 29 12:36:49 2022 =
[1]: 01 03 04 08 14 30 06 
[2]: 12 24 31 35 48 64 06 
[3]: 22 39 46 50 59 61 05 
[4]: 05 30 34 36 38 43 04 
[5]: 15 17 25 52 59 69 04 
============================
[1]: 09 10 61 63 65 69 03 
[2]: 09 19 27 39 57 58 01 
[3]: 04 15 44 47 55 69 08 
[4]: 04 19 23 26 50 60 08 
[5]: 01 10 36 45 58 63 08 
============================
[1]: 03 26 34 57 59 69 02 
[2]: 11 12 22 23 40 49 07 
[3]: 09 19 30 50 51 54 08 
[4]: 10 28 40 43 58 65 05 
[5]: 01 22 27 37 55 67 10 
============================
[1]: 09 10 17 31 47 59 01 
[2]: 02 09 13 15 54 64 06 
[3]: 11 35 39 52 59 65 06 
[4]: 06 11 21 29 43 53 05 
[5]: 07 11 12 21 24 55 06 
============================
========= csie@CGU =========
